5	Harun Gezici	Address: Tandogan 34 sk. 56/3	536-8967812
9	Ebru Yilmaz	Address: Maltepe 21 sk. 23/7	312-4567890
12	Orhan Seven	Address: Eryaman 3. Etap 12/7	256-3456789
23	Zeynep Atac	Address: Hacettepe University Department of Matemathics	234-3456789
33	Hakan Kanat	234-5677896	Ayranci 10. sok. 30/10 
35	Umit Gezen	Address: Dikmen 4. Cadde 34/2	236-3446789
42	Ismail Can	Address: Cebeci 56 cd. 34/5	535-8969746
45	Arif Batar	Address: Balgat 1321 cd. 12/5	563-9563256
50	Meryem Atas	Address: Emek 19 sk. 12/5	654-2122121
88	Beril Maral	568-8964142	Bilkent 32 cd. 72/3 
5	Harun Gezici	Address: Tandogan 34 sk. 56/3	536-8967812
9	Ebru Yilmaz	Address: Maltepe 21 sk. 23/7	312-4567890
12	Orhan Seven	Address: Eryaman 3. Etap 12/7	256-3456789
23	Zeynep Atac	Address: Hacettepe University Department of Matemathics	234-3456789
33	Hakan Kanat	234-5677896	Ayranci 10. sok. 30/10 
35	Umit Gezen	Address: Dikmen 4. Cadde 34/2	236-3446789
42	Ismail Can	Address: Cebeci 56 cd. 34/5	535-8969746
45	Arif Batar	Address: Balgat 1321 cd. 12/5	563-9563256
50	Meryem Atas	Address: Emek 19 sk. 12/5	654-2122121
88	Beril Maral	568-8964142	Bilkent 32 cd. 72/3 
5	Harun Gezici	Address: Tandogan 34 sk. 56/3	536-8967812
9	Ebru Yilmaz	Address: Maltepe 21 sk. 23/7	312-4567890
12	Orhan Seven	Address: Eryaman 3. Etap 12/7	256-3456789
23	Zeynep Atac	Address: Hacettepe University Department of Matemathics	234-3456789
33	Hakan Kanat	234-5677896	Ayranci 10. sok. 30/10 
35	Umit Gezen	Address: Dikmen 4. Cadde 34/2	236-3446789
42	Ismail Can	Address: Cebeci 56 cd. 34/5	535-8969746
45	Arif Batar	Address: Balgat 1321 cd. 12/5	563-9563256
50	Meryem Atas	Address: Emek 19 sk. 12/5	654-2122121
88	Beril Maral	568-8964142	Bilkent 32 cd. 72/3 
5	Harun Gezici	Address: Tandogan 34 sk. 56/3	536-8967812
9	Ebru Yilmaz	Address: Maltepe 21 sk. 23/7	312-4567890
12	Orhan Seven	Address: Eryaman 3. Etap 12/7	256-3456789
23	Zeynep Atac	Address: Hacettepe University Department of Matemathics	234-3456789
33	Hakan Kanat	234-5677896	Ayranci 10. sok. 30/10 
35	Umit Gezen	Address: Dikmen 4. Cadde 34/2	236-3446789
42	Ismail Can	Address: Cebeci 56 cd. 34/5	535-8969746
45	Arif Batar	Address: Balgat 1321 cd. 12/5	563-9563256
50	Meryem Atas	Address: Emek 19 sk. 12/5	654-2122121
88	Beril Maral	568-8964142	Bilkent 32 cd. 72/3 
5	Harun Gezici	Address: Tandogan 34 sk. 56/3	536-8967812
9	Ebru Yilmaz	Address: Maltepe 21 sk. 23/7	312-4567890
12	Orhan Seven	Address: Eryaman 3. Etap 12/7	256-3456789
23	Zeynep Atac	Address: Hacettepe University Department of Matemathics	234-3456789
33	Hakan Kanat	234-5677896	Ayranci 10. sok. 30/10 
35	Umit Gezen	Address: Dikmen 4. Cadde 34/2	236-3446789
42	Ismail Can	Address: Cebeci 56 cd. 34/5	535-8969746
45	Arif Batar	Address: Balgat 1321 cd. 12/5	563-9563256
50	Meryem Atas	Address: Emek 19 sk. 12/5	654-2122121
88	Beril Maral	568-8964142	Bilkent 32 cd. 72/3 
5	Harun Gezici	Address: Tandogan 34 sk. 56/3	536-8967812
9	Ebru Yilmaz	Address: Maltepe 21 sk. 23/7	312-4567890
12	Orhan Seven	Address: Eryaman 3. Etap 12/7	256-3456789
23	Zeynep Atac	Address: Hacettepe University Department of Matemathics	234-3456789
33	Hakan Kanat	234-5677896	Ayranci 10. sok. 30/10 
35	Umit Gezen	Address: Dikmen 4. Cadde 34/2	236-3446789
42	Ismail Can	Address: Cebeci 56 cd. 34/5	535-8969746
45	Arif Batar	Address: Balgat 1321 cd. 12/5	563-9563256
50	Meryem Atas	Address: Emek 19 sk. 12/5	654-2122121
88	Beril Maral	568-8964142	Bilkent 32 cd. 72/3 
5	Harun Gezici	Address: Tandogan 34 sk. 56/3	536-8967812
9	Ebru Yilmaz	Address: Maltepe 21 sk. 23/7	312-4567890
12	Orhan Seven	Address: Eryaman 3. Etap 12/7	256-3456789
23	Zeynep Atac	Address: Hacettepe University Department of Matemathics	234-3456789
33	Hakan Kanat	234-5677896	Ayranci 10. sok. 30/10 
35	Umit Gezen	Address: Dikmen 4. Cadde 34/2	236-3446789
42	Ismail Can	Address: Cebeci 56 cd. 34/5	535-8969746
45	Arif Batar	Address: Balgat 1321 cd. 12/5	563-9563256
50	Meryem Atas	Address: Emek 19 sk. 12/5	654-2122121
88	Beril Maral	568-8964142	Bilkent 32 cd. 72/3 
5	Harun Gezici	Address: Tandogan 34 sk. 56/3	536-8967812
9	Ebru Yilmaz	Address: Maltepe 21 sk. 23/7	312-4567890
12	Orhan Seven	Address: Eryaman 3. Etap 12/7	256-3456789
23	Zeynep Atac	Address: Hacettepe University Department of Matemathics	234-3456789
33	Hakan Kanat	234-5677896	Ayranci 10. sok. 30/10 
35	Umit Gezen	Address: Dikmen 4. Cadde 34/2	236-3446789
42	Ismail Can	Address: Cebeci 56 cd. 34/5	535-8969746
45	Arif Batar	Address: Balgat 1321 cd. 12/5	563-9563256
50	Meryem Atas	Address: Emek 19 sk. 12/5	654-2122121
88	Beril Maral	568-8964142	Bilkent 32 cd. 72/3 
5	Harun Gezici	Address: Tandogan 34 sk. 56/3	536-8967812
9	Ebru Yilmaz	Address: Maltepe 21 sk. 23/7	312-4567890
12	Orhan Seven	Address: Eryaman 3. Etap 12/7	256-3456789
23	Zeynep Atac	Address: Hacettepe University Department of Matemathics	234-3456789
33	Hakan Kanat	234-5677896	Ayranci 10. sok. 30/10 
35	Umit Gezen	Address: Dikmen 4. Cadde 34/2	236-3446789
42	Ismail Can	Address: Cebeci 56 cd. 34/5	535-8969746
45	Arif Batar	Address: Balgat 1321 cd. 12/5	563-9563256
50	Meryem Atas	Address: Emek 19 sk. 12/5	654-2122121
88	Beril Maral	568-8964142	Bilkent 32 cd. 72/3 
5	Harun Gezici	Address: Tandogan 34 sk. 56/3	536-8967812
9	Ebru Yilmaz	Address: Maltepe 21 sk. 23/7	312-4567890
12	Orhan Seven	Address: Eryaman 3. Etap 12/7	256-3456789
23	Zeynep Atac	Address: Hacettepe University Department of Matemathics	234-3456789
33	Hakan Kanat	234-5677896	Ayranci 10. sok. 30/10 
35	Umit Gezen	Address: Dikmen 4. Cadde 34/2	236-3446789
42	Ismail Can	Address: Cebeci 56 cd. 34/5	535-8969746
45	Arif Batar	Address: Balgat 1321 cd. 12/5	563-9563256
50	Meryem Atas	Address: Emek 19 sk. 12/5	654-2122121
88	Beril Maral	568-8964142	Bilkent 32 cd. 72/3 
5	Harun Gezici	Address: Tandogan 34 sk. 56/3	536-8967812
9	Ebru Yilmaz	Address: Maltepe 21 sk. 23/7	312-4567890
12	Orhan Seven	Address: Eryaman 3. Etap 12/7	256-3456789
23	Zeynep Atac	Address: Hacettepe University Department of Matemathics	234-3456789
33	Hakan Kanat	234-5677896	Ayranci 10. sok. 30/10 
35	Umit Gezen	Address: Dikmen 4. Cadde 34/2	236-3446789
42	Ismail Can	Address: Cebeci 56 cd. 34/5	535-8969746
45	Arif Batar	Address: Balgat 1321 cd. 12/5	563-9563256
50	Meryem Atas	Address: Emek 19 sk. 12/5	654-2122121
88	Beril Maral	568-8964142	Bilkent 32 cd. 72/3 
5	Harun Gezici	Address: Tandogan 34 sk. 56/3	536-8967812
9	Ebru Yilmaz	Address: Maltepe 21 sk. 23/7	312-4567890
12	Orhan Seven	Address: Eryaman 3. Etap 12/7	256-3456789
23	Zeynep Atac	Address: Hacettepe University Department of Matemathics	234-3456789
33	Hakan Kanat	234-5677896	Ayranci 10. sok. 30/10 
35	Umit Gezen	Address: Dikmen 4. Cadde 34/2	236-3446789
42	Ismail Can	Address: Cebeci 56 cd. 34/5	535-8969746
45	Arif Batar	Address: Balgat 1321 cd. 12/5	563-9563256
50	Meryem Atas	Address: Emek 19 sk. 12/5	654-2122121
88	Beril Maral	568-8964142	Bilkent 32 cd. 72/3 
5	Harun Gezici	Address: Tandogan 34 sk. 56/3	536-8967812
9	Ebru Yilmaz	Address: Maltepe 21 sk. 23/7	312-4567890
12	Orhan Seven	Address: Eryaman 3. Etap 12/7	256-3456789
23	Zeynep Atac	Address: Hacettepe University Department of Matemathics	234-3456789
33	Hakan Kanat	234-5677896	Ayranci 10. sok. 30/10 
35	Umit Gezen	Address: Dikmen 4. Cadde 34/2	236-3446789
42	Ismail Can	Address: Cebeci 56 cd. 34/5	535-8969746
45	Arif Batar	Address: Balgat 1321 cd. 12/5	563-9563256
50	Meryem Atas	Address: Emek 19 sk. 12/5	654-2122121
88	Beril Maral	568-8964142	Bilkent 32 cd. 72/3 
5	Harun Gezici	Address: Tandogan 34 sk. 56/3	536-8967812
9	Ebru Yilmaz	Address: Maltepe 21 sk. 23/7	312-4567890
12	Orhan Seven	Address: Eryaman 3. Etap 12/7	256-3456789
23	Zeynep Atac	Address: Hacettepe University Department of Matemathics	234-3456789
33	Hakan Kanat	234-5677896	Ayranci 10. sok. 30/10 
35	Umit Gezen	Address: Dikmen 4. Cadde 34/2	236-3446789
42	Ismail Can	Address: Cebeci 56 cd. 34/5	535-8969746
45	Arif Batar	Address: Balgat 1321 cd. 12/5	563-9563256
50	Meryem Atas	Address: Emek 19 sk. 12/5	654-2122121
88	Beril Maral	568-8964142	Bilkent 32 cd. 72/3 
5	Harun Gezici	Address: Tandogan 34 sk. 56/3	536-8967812
9	Ebru Yilmaz	Address: Maltepe 21 sk. 23/7	312-4567890
12	Orhan Seven	Address: Eryaman 3. Etap 12/7	256-3456789
23	Zeynep Atac	Address: Hacettepe University Department of Matemathics	234-3456789
33	Hakan Kanat	234-5677896	Ayranci 10. sok. 30/10 
35	Umit Gezen	Address: Dikmen 4. Cadde 34/2	236-3446789
42	Ismail Can	Address: Cebeci 56 cd. 34/5	535-8969746
45	Arif Batar	Address: Balgat 1321 cd. 12/5	563-9563256
50	Meryem Atas	Address: Emek 19 sk. 12/5	654-2122121
88	Beril Maral	568-8964142	Bilkent 32 cd. 72/3 
5	Harun Gezici	Address: Tandogan 34 sk. 56/3	536-8967812
9	Ebru Yilmaz	Address: Maltepe 21 sk. 23/7	312-4567890
12	Orhan Seven	Address: Eryaman 3. Etap 12/7	256-3456789
23	Zeynep Atac	Address: Hacettepe University Department of Matemathics	234-3456789
33	Hakan Kanat	234-5677896	Ayranci 10. sok. 30/10 
35	Umit Gezen	Address: Dikmen 4. Cadde 34/2	236-3446789
42	Ismail Can	Address: Cebeci 56 cd. 34/5	535-8969746
45	Arif Batar	Address: Balgat 1321 cd. 12/5	563-9563256
50	Meryem Atas	Address: Emek 19 sk. 12/5	654-2122121
88	Beril Maral	568-8964142	Bilkent 32 cd. 72/3 
5	Harun Gezici	Address: Tandogan 34 sk. 56/3	536-8967812
9	Ebru Yilmaz	Address: Maltepe 21 sk. 23/7	312-4567890
12	Orhan Seven	Address: Eryaman 3. Etap 12/7	256-3456789
23	Zeynep Atac	Address: Hacettepe University Department of Matemathics	234-3456789
33	Hakan Kanat	234-5677896	Ayranci 10. sok. 30/10 
35	Umit Gezen	Address: Dikmen 4. Cadde 34/2	236-3446789
42	Ismail Can	Address: Cebeci 56 cd. 34/5	535-8969746
45	Arif Batar	Address: Balgat 1321 cd. 12/5	563-9563256
50	Meryem Atas	Address: Emek 19 sk. 12/5	654-2122121
88	Beril Maral	568-8964142	Bilkent 32 cd. 72/3 
5	Harun Gezici	Address: Tandogan 34 sk. 56/3	536-8967812
9	Ebru Yilmaz	Address: Maltepe 21 sk. 23/7	312-4567890
12	Orhan Seven	Address: Eryaman 3. Etap 12/7	256-3456789
23	Zeynep Atac	Address: Hacettepe University Department of Matemathics	234-3456789
33	Hakan Kanat	234-5677896	Ayranci 10. sok. 30/10 
35	Umit Gezen	Address: Dikmen 4. Cadde 34/2	236-3446789
42	Ismail Can	Address: Cebeci 56 cd. 34/5	535-8969746
45	Arif Batar	Address: Balgat 1321 cd. 12/5	563-9563256
50	Meryem Atas	Address: Emek 19 sk. 12/5	654-2122121
88	Beril Maral	568-8964142	Bilkent 32 cd. 72/3 
5	Harun Gezici	Address: Tandogan 34 sk. 56/3	536-8967812
9	Ebru Yilmaz	Address: Maltepe 21 sk. 23/7	312-4567890
12	Orhan Seven	Address: Eryaman 3. Etap 12/7	256-3456789
23	Zeynep Atac	Address: Hacettepe University Department of Matemathics	234-3456789
33	Hakan Kanat	234-5677896	Ayranci 10. sok. 30/10 
35	Umit Gezen	Address: Dikmen 4. Cadde 34/2	236-3446789
42	Ismail Can	Address: Cebeci 56 cd. 34/5	535-8969746
45	Arif Batar	Address: Balgat 1321 cd. 12/5	563-9563256
50	Meryem Atas	Address: Emek 19 sk. 12/5	654-2122121
88	Beril Maral	568-8964142	Bilkent 32 cd. 72/3 
5	Harun Gezici	Address: Tandogan 34 sk. 56/3	536-8967812
9	Ebru Yilmaz	Address: Maltepe 21 sk. 23/7	312-4567890
12	Orhan Seven	Address: Eryaman 3. Etap 12/7	256-3456789
23	Zeynep Atac	Address: Hacettepe University Department of Matemathics	234-3456789
33	Hakan Kanat	234-5677896	Ayranci 10. sok. 30/10 
35	Umit Gezen	Address: Dikmen 4. Cadde 34/2	236-3446789
42	Ismail Can	Address: Cebeci 56 cd. 34/5	535-8969746
45	Arif Batar	Address: Balgat 1321 cd. 12/5	563-9563256
50	Meryem Atas	Address: Emek 19 sk. 12/5	654-2122121
88	Beril Maral	568-8964142	Bilkent 32 cd. 72/3 
5	Harun Gezici	Address: Tandogan 34 sk. 56/3	536-8967812
9	Ebru Yilmaz	Address: Maltepe 21 sk. 23/7	312-4567890
12	Orhan Seven	Address: Eryaman 3. Etap 12/7	256-3456789
23	Zeynep Atac	Address: Hacettepe University Department of Matemathics	234-3456789
33	Hakan Kanat	Ayranci 10. sok. 30/10 	234-5677896
35	Umit Gezen	Address: Dikmen 4. Cadde 34/2	236-3446789
42	Ismail Can	Address: Cebeci 56 cd. 34/5	535-8969746
45	Arif Batar	Address: Balgat 1321 cd. 12/5	563-9563256
50	Meryem Atas	Address: Emek 19 sk. 12/5	654-2122121
88	Beril Maral	Bilkent 32 cd. 72/3 	568-8964142
5	Harun Gezici	536-8967812	Address: Tandogan 34 sk. 56/3
9	Ebru Yilmaz	312-4567890	Address: Maltepe 21 sk. 23/7
12	Orhan Seven	256-3456789	Address: Eryaman 3. Etap 12/7
23	Zeynep Atac	234-3456789	Address: Hacettepe University Department of Matemathics
33	Hakan Kanat	234-5677896	Ayranci 10. sok. 30/10 
35	Umit Gezen	236-3446789	Address: Dikmen 4. Cadde 34/2
42	Ismail Can	535-8969746	Address: Cebeci 56 cd. 34/5
45	Arif Batar	563-9563256	Address: Balgat 1321 cd. 12/5
50	Meryem Atas	654-2122121	Address: Emek 19 sk. 12/5
88	Beril Maral	568-8964142	Bilkent 32 cd. 72/3 
5	Harun Gezici	536-8967812	Address: Tandogan 34 sk. 56/3
9	Ebru Yilmaz	312-4567890	Address: Maltepe 21 sk. 23/7
12	Orhan Seven	256-3456789	Address: Eryaman 3. Etap 12/7
23	Zeynep Atac	234-3456789	Address: Hacettepe University Department of Matemathics
33	Hakan Kanat	234-5677896	Ayranci 10. sok. 30/10 
35	Umit Gezen	236-3446789	Address: Dikmen 4. Cadde 34/2
42	Ismail Can	535-8969746	Address: Cebeci 56 cd. 34/5
45	Arif Batar	563-9563256	Address: Balgat 1321 cd. 12/5
50	Meryem Atas	654-2122121	Address: Emek 19 sk. 12/5
88	Beril Maral	568-8964142	Bilkent 32 cd. 72/3 
5	Harun Gezici	536-8967812	Address: Tandogan 34 sk. 56/3
9	Ebru Yilmaz	312-4567890	Address: Maltepe 21 sk. 23/7
12	Orhan Seven	256-3456789	Address: Eryaman 3. Etap 12/7
23	Zeynep Atac	234-3456789	Address: Hacettepe University Department of Matemathics
33	Hakan Kanat	234-5677896	Ayranci 10. sok. 30/10 
35	Umit Gezen	236-3446789	Address: Dikmen 4. Cadde 34/2
42	Ismail Can	535-8969746	Address: Cebeci 56 cd. 34/5
45	Arif Batar	563-9563256	Address: Balgat 1321 cd. 12/5
50	Meryem Atas	654-2122121	Address: Emek 19 sk. 12/5
88	Beril Maral	568-8964142	Bilkent 32 cd. 72/3 
5	Harun Gezici	536-8967812	Address: Tandogan 34 sk. 56/3
9	Ebru Yilmaz	312-4567890	Address: Maltepe 21 sk. 23/7
12	Orhan Seven	256-3456789	Address: Eryaman 3. Etap 12/7
23	Zeynep Atac	234-3456789	Address: Hacettepe University Department of Matemathics
33	Hakan Kanat	234-5677896	Ayranci 10. sok. 30/10 
35	Umit Gezen	236-3446789	Address: Dikmen 4. Cadde 34/2
42	Ismail Can	535-8969746	Address: Cebeci 56 cd. 34/5
45	Arif Batar	563-9563256	Address: Balgat 1321 cd. 12/5
50	Meryem Atas	654-2122121	Address: Emek 19 sk. 12/5
88	Beril Maral	568-8964142	Bilkent 32 cd. 72/3 
5	Harun Gezici	536-8967812	Address: Tandogan 34 sk. 56/3
9	Ebru Yilmaz	312-4567890	Address: Maltepe 21 sk. 23/7
12	Orhan Seven	256-3456789	Address: Eryaman 3. Etap 12/7
23	Zeynep Atac	234-3456789	Address: Hacettepe University Department of Matemathics
33	Hakan Kanat	234-5677896	Ayranci 10. sok. 30/10 
35	Umit Gezen	236-3446789	Address: Dikmen 4. Cadde 34/2
42	Ismail Can	535-8969746	Address: Cebeci 56 cd. 34/5
45	Arif Batar	563-9563256	Address: Balgat 1321 cd. 12/5
50	Meryem Atas	654-2122121	Address: Emek 19 sk. 12/5
88	Beril Maral	568-8964142	Bilkent 32 cd. 72/3 
5	Harun Gezici	536-8967812	Address: Tandogan 34 sk. 56/3
9	Ebru Yilmaz	312-4567890	Address: Maltepe 21 sk. 23/7
12	Orhan Seven	256-3456789	Address: Eryaman 3. Etap 12/7
23	Zeynep Atac	234-3456789	Address: Hacettepe University Department of Matemathics
33	Hakan Kanat	234-5677896	Ayranci 10. sok. 30/10 
35	Umit Gezen	236-3446789	Address: Dikmen 4. Cadde 34/2
42	Ismail Can	535-8969746	Address: Cebeci 56 cd. 34/5
45	Arif Batar	563-9563256	Address: Balgat 1321 cd. 12/5
50	Meryem Atas	654-2122121	Address: Emek 19 sk. 12/5
88	Beril Maral	568-8964142	Bilkent 32 cd. 72/3 
5	Harun Gezici	536-8967812	Address: Tandogan 34 sk. 56/3
9	Ebru Yilmaz	312-4567890	Address: Maltepe 21 sk. 23/7
12	Orhan Seven	256-3456789	Address: Eryaman 3. Etap 12/7
23	Zeynep Atac	234-3456789	Address: Hacettepe University Department of Matemathics
33	Hakan Kanat	234-5677896	Ayranci 10. sok. 30/10 
35	Umit Gezen	236-3446789	Address: Dikmen 4. Cadde 34/2
42	Ismail Can	535-8969746	Address: Cebeci 56 cd. 34/5
45	Arif Batar	563-9563256	Address: Balgat 1321 cd. 12/5
50	Meryem Atas	654-2122121	Address: Emek 19 sk. 12/5
88	Beril Maral	568-8964142	Bilkent 32 cd. 72/3 
5	Harun Gezici	536-8967812	Address: Tandogan 34 sk. 56/3
9	Ebru Yilmaz	312-4567890	Address: Maltepe 21 sk. 23/7
12	Orhan Seven	256-3456789	Address: Eryaman 3. Etap 12/7
23	Zeynep Atac	234-3456789	Address: Hacettepe University Department of Matemathics
33	Hakan Kanat	234-5677896	Ayranci 10. sok. 30/10 
35	Umit Gezen	236-3446789	Address: Dikmen 4. Cadde 34/2
42	Ismail Can	535-8969746	Address: Cebeci 56 cd. 34/5
45	Arif Batar	563-9563256	Address: Balgat 1321 cd. 12/5
50	Meryem Atas	654-2122121	Address: Emek 19 sk. 12/5
88	Beril Maral	568-8964142	Bilkent 32 cd. 72/3 
5	Harun Gezici	536-8967812	Address: Tandogan 34 sk. 56/3
9	Ebru Yilmaz	312-4567890	Address: Maltepe 21 sk. 23/7
12	Orhan Seven	256-3456789	Address: Eryaman 3. Etap 12/7
23	Zeynep Atac	234-3456789	Address: Hacettepe University Department of Matemathics
33	Hakan Kanat	234-5677896	Ayranci 10. sok. 30/10 
35	Umit Gezen	236-3446789	Address: Dikmen 4. Cadde 34/2
42	Ismail Can	535-8969746	Address: Cebeci 56 cd. 34/5
45	Arif Batar	563-9563256	Address: Balgat 1321 cd. 12/5
50	Meryem Atas	654-2122121	Address: Emek 19 sk. 12/5
88	Beril Maral	568-8964142	Bilkent 32 cd. 72/3 
5	Harun Gezici	536-8967812	Address: Tandogan 34 sk. 56/3
9	Ebru Yilmaz	312-4567890	Address: Maltepe 21 sk. 23/7
12	Orhan Seven	256-3456789	Address: Eryaman 3. Etap 12/7
23	Zeynep Atac	234-3456789	Address: Hacettepe University Department of Matemathics
33	Hakan Kanat	234-5677896	Ayranci 10. sok. 30/10 
35	Umit Gezen	236-3446789	Address: Dikmen 4. Cadde 34/2
42	Ismail Can	535-8969746	Address: Cebeci 56 cd. 34/5
45	Arif Batar	563-9563256	Address: Balgat 1321 cd. 12/5
50	Meryem Atas	654-2122121	Address: Emek 19 sk. 12/5
88	Beril Maral	568-8964142	Bilkent 32 cd. 72/3 
